52.598659 52.643904 0.000000 0.000000
145.141010 52.110138 3.300000 0.000000
238.434981 51.837557 6.600000 0.000000
332.086975 51.747399 9.900000 0.000000
425.952697 51.870954 13.200000 0.000000
519.881573 52.151967 16.500000 0.000000
613.503722 52.686931 19.800000 0.000000
706.863294 53.190635 23.100000 0.000000
51.997536 144.697741 0.000000 3.300000
144.691839 144.596021 3.300000 3.300000
238.010944 144.548034 6.600000 3.300000
331.689293 144.574141 9.900000 3.300000
425.654531 144.672735 13.200000 3.300000
519.726128 144.948395 16.500000 3.300000
613.599674 145.319201 19.800000 3.300000
707.057131 145.703247 23.100000 3.300000
51.486718 237.236616 0.000000 6.600000
144.274494 237.339271 3.300000 6.600000
237.598150 237.444087 6.600000 6.600000
331.442169 237.565060 9.900000 6.600000
425.510048 237.756431 13.200000 6.600000
519.624444 238.034399 16.500000 6.600000
613.596177 238.293209 19.800000 6.600000
707.132703 238.592440 23.100000 6.600000
51.187628 329.772224 0.000000 9.900000
143.975639 330.189200 3.300000 9.900000
237.364810 330.498789 6.600000 9.900000
331.229100 330.766077 9.900000 9.900000
425.306763 331.110306 13.200000 9.900000
519.444670 331.340900 16.500000 9.900000
613.447121 331.495713 19.800000 9.900000
706.966639 331.666392 23.100000 9.900000
51.103676 422.384139 0.000000 13.200000
143.838127 423.033279 3.300000 13.200000
237.230456 423.554560 6.600000 13.200000
330.997965 423.988197 9.900000 13.200000
425.061889 424.341205 13.200000 13.200000
519.176471 424.543709 16.500000 13.200000
613.063041 424.684796 19.800000 13.200000
706.687267 424.720033 23.100000 13.200000
51.201515 514.868321 0.000000 16.500000
143.821592 515.721551 3.300000 16.500000
237.068106 516.450166 6.600000 16.500000
330.820439 516.991312 9.900000 16.500000
424.834571 517.234736 13.200000 16.500000
518.751653 517.592149 16.500000 16.500000
612.648671 517.639535 19.800000 16.500000
706.081024 517.468934 23.100000 16.500000
